row1:
  j_xyz: 0.0 0.0 1.0
  j_rpy: 0.0 -0.0 0.0
  l_xyz: 0 0 -0.5
  l_rpy: 0 0 0
  l_len: 1.0
row2:
  j_xyz: 0.0 -1.99999936586 0.00159265342147
  j_rpy: 0.785398004863 -1.5696701507 0.785398004863
  l_xyz: 0 0 -1.0
  l_rpy: 0 0 0
  l_len: 2.0
row3:
  j_xyz: 0.0 -2.9999990488 0.0023889801322
  j_rpy: 0.785398004863 -1.5696701507 0.785398004863
  l_xyz: 0 0 -1.5
  l_rpy: 0 0 0
  l_len: 3.0
